206
43
794
1 1 1
1 20 1
1 40 1
1 43 1
2 3 1
2 8 2
2 15 1
2 29 1
2 43 1
3 43 1
4 16 1
4 43 1
5 20 1
5 34 1
5 36 1
5 37 2
5 38 3
5 39 1
5 43 1
6 43 2
7 13 1
7 32 1
7 38 1
7 43 1
8 10 1
8 18 1
8 22 1
8 29 1
8 32 1
8 34 1
8 39 2
8 43 1
9 5 1
9 9 1
9 26 1
9 29 1
9 43 1
10 13 1
10 15 1
10 32 2
10 34 2
10 43 1
11 9 1
11 12 1
11 43 1
12 22 1
12 32 2
12 36 1
12 43 1
13 2 1
13 7 2
13 15 1
13 22 1
13 37 1
13 43 1
14 2 1
14 7 1
14 9 1
14 33 1
14 43 1
15 13 1
15 15 2
15 34 1
15 43 1
16 9 1
16 12 1
16 23 1
16 34 1
16 42 1
16 43 1
17 3 1
17 4 2
17 9 1
17 12 1
17 27 1
17 41 1
17 42 1
17 43 1
18 15 1
18 43 1
19 8 2
19 9 1
19 19 1
19 43 1
20 14 1
20 20 1
20 22 3
20 34 3
20 36 1
20 43 1
21 2 1
21 3 1
21 9 1
21 12 1
21 42 1
21 43 1
22 3 1
22 9 1
22 19 1
22 43 1
23 1 1
23 12 1
23 42 1
23 43 1
24 2 2
24 3 3
24 11 1
24 18 1
24 43 1
25 9 1
25 43 1
26 3 1
26 13 1
26 26 1
26 29 1
26 32 1
26 34 1
26 43 1
27 2 3
27 3 1
27 21 1
27 24 1
27 26 2
27 33 2
27 43 1
28 2 1
28 30 2
28 34 1
28 43 1
29 8 2
29 11 1
29 25 1
29 43 1
30 8 2
30 9 1
30 11 1
30 18 1
30 43 1
31 2 3
31 3 1
31 9 1
31 10 1
31 12 1
31 24 1
31 42 1
31 43 1
32 2 2
32 3 1
32 10 1
32 21 1
32 30 1
32 38 1
32 43 1
33 3 1
33 7 1
33 15 1
33 36 1
33 43 1
34 36 2
34 43 1
35 9 1
35 11 1
35 43 1
36 4 2
36 5 1
36 13 1
36 19 1
36 21 2
36 43 1
37 1 1
37 26 1
37 29 1
37 30 1
37 39 1
37 43 1
38 10 1
38 25 1
38 43 1
39 43 1
40 2 1
40 3 1
40 23 2
40 30 2
40 43 1
41 6 1
41 14 1
41 16 2
41 33 1
41 43 1
42 6 1
42 14 1
42 16 2
42 33 1
42 43 1
43 6 1
43 8 1
43 19 1
43 27 1
43 28 1
43 43 1
44 8 1
44 9 1
44 14 2
44 26 1
44 43 1
45 43 1
46 7 1
46 9 1
46 13 1
46 22 1
46 43 1
47 1 1
47 22 1
47 43 1
48 2 1
48 8 1
48 11 1
48 18 1
48 34 1
48 43 1
49 43 1
50 30 1
50 43 1
51 43 1
52 41 1
52 43 1
53 9 1
53 25 1
53 43 1
54 4 1
54 13 1
54 20 1
54 36 1
54 38 1
54 39 1
54 43 1
55 4 4
55 33 1
55 37 1
55 43 1
56 4 1
56 7 1
56 9 1
56 20 2
56 22 1
56 26 1
56 34 1
56 39 1
56 43 1
57 1 1
57 22 2
57 34 1
57 43 1
58 2 1
58 19 1
58 21 1
58 23 3
58 43 1
59 19 1
59 27 1
59 28 1
59 43 1
60 28 1
60 43 1
61 5 2
61 6 1
61 28 1
61 43 1
62 2 1
62 8 3
62 9 1
62 17 1
62 24 1
62 39 1
62 43 1
63 6 1
63 24 1
63 35 3
63 43 1
64 21 1
64 35 2
64 43 1
65 18 2
65 43 1
66 25 1
66 40 1
66 43 1
67 9 1
67 34 1
67 43 1
68 43 1
69 1 1
69 8 1
69 16 1
69 27 1
69 41 1
69 43 1
70 36 1
70 43 1
71 43 1
72 10 1
72 31 1
72 40 4
72 43 1
73 8 1
73 18 1
73 25 1
73 43 1
74 6 1
74 27 1
74 43 1
75 8 1
75 43 1
76 31 1
76 43 1
77 17 1
77 43 1
78 10 1
78 29 1
78 36 1
78 37 1
78 43 1
79 43 1
80 12 1
80 34 1
80 39 1
80 42 1
80 43 1
81 18 1
81 43 1
82 8 1
82 9 2
82 30 1
82 43 1
83 5 2
83 9 1
83 43 1
84 8 1
84 9 1
84 43 1
85 3 1
85 29 1
85 31 1
85 37 1
85 43 1
86 31 1
86 43 1
87 14 1
87 43 1
88 9 1
88 31 2
88 43 1
89 6 1
89 43 1
90 21 1
90 35 1
90 43 1
91 23 1
91 43 1
92 25 1
92 41 1
92 43 1
93 9 1
93 43 1
94 9 1
94 19 1
94 21 1
94 25 1
94 27 1
94 43 1
95 18 1
95 43 1
96 9 1
96 24 1
96 35 1
96 41 2
96 43 1
97 17 2
97 24 1
97 27 1
97 43 1
98 17 2
98 24 1
98 27 1
98 43 1
99 28 1
99 43 1
100 28 1
100 43 1
101 24 1
101 28 1
101 43 1
102 34 1
102 37 1
102 43 1
103 11 1
103 43 1
104 1 1
104 20 1
104 40 1
104 43 1
105 3 1
105 8 2
105 15 1
105 29 1
105 43 1
106 43 1
107 16 1
107 43 1
108 20 1
108 34 1
108 36 1
108 37 2
108 38 3
108 39 1
108 43 1
109 43 2
110 13 1
110 32 1
110 38 1
110 43 1
111 10 1
111 18 1
111 22 1
111 29 1
111 32 1
111 34 1
111 39 2
111 43 1
112 5 1
112 9 1
112 26 1
112 29 1
112 43 1
113 13 1
113 15 1
113 32 2
113 34 2
113 43 1
114 9 1
114 12 1
114 43 1
115 22 1
115 32 2
115 36 1
115 43 1
116 2 1
116 7 2
116 15 1
116 22 1
116 37 1
116 43 1
117 2 1
117 7 1
117 9 1
117 33 1
117 43 1
118 13 1
118 15 2
118 34 1
118 43 1
119 9 1
119 12 1
119 23 1
119 34 1
119 42 1
119 43 1
120 3 1
120 4 2
120 9 1
120 12 1
120 27 1
120 41 1
120 42 1
120 43 1
121 15 1
121 43 1
122 8 2
122 9 1
122 19 1
122 43 1
123 14 1
123 20 1
123 22 3
123 34 3
123 36 1
123 43 1
124 2 1
124 3 1
124 9 1
124 12 1
124 42 1
124 43 1
125 3 1
125 9 1
125 19 1
125 43 1
126 1 1
126 12 1
126 42 1
126 43 1
127 2 2
127 3 3
127 11 1
127 18 1
127 43 1
128 9 1
128 43 1
129 3 1
129 13 1
129 26 1
129 29 1
129 32 1
129 34 1
129 43 1
130 2 3
130 3 1
130 21 1
130 24 1
130 26 2
130 33 2
130 43 1
131 2 1
131 30 2
131 34 1
131 43 1
132 8 2
132 11 1
132 25 1
132 43 1
133 8 2
133 9 1
133 11 1
133 18 1
133 43 1
134 2 3
134 3 1
134 9 1
134 10 1
134 12 1
134 24 1
134 42 1
134 43 1
135 2 2
135 3 1
135 10 1
135 21 1
135 30 1
135 38 1
135 43 1
136 3 1
136 7 1
136 15 1
136 36 1
136 43 1
137 36 2
137 43 1
138 9 1
138 11 1
138 43 1
139 4 2
139 5 1
139 13 1
139 19 1
139 21 2
139 43 1
140 1 1
140 26 1
140 29 1
140 30 1
140 39 1
140 43 1
141 10 1
141 25 1
141 43 1
142 43 1
143 2 1
143 3 1
143 23 2
143 30 2
143 43 1
144 6 1
144 14 1
144 16 2
144 33 1
144 43 1
145 6 1
145 14 1
145 16 2
145 33 1
145 43 1
146 6 1
146 8 1
146 19 1
146 27 1
146 28 1
146 43 1
147 8 1
147 9 1
147 14 2
147 26 1
147 43 1
148 43 1
149 7 1
149 9 1
149 13 1
149 22 1
149 43 1
150 1 1
150 22 1
150 43 1
151 2 1
151 8 1
151 11 1
151 18 1
151 34 1
151 43 1
152 43 1
153 30 1
153 43 1
154 43 1
155 41 1
155 43 1
156 9 1
156 25 1
156 43 1
157 4 1
157 13 1
157 20 1
157 36 1
157 38 1
157 39 1
157 43 1
158 4 4
158 33 1
158 37 1
158 43 1
159 4 1
159 7 1
159 9 1
159 20 2
159 22 1
159 26 1
159 34 1
159 39 1
159 43 1
160 1 1
160 22 2
160 34 1
160 43 1
161 2 1
161 19 1
161 21 1
161 23 3
161 43 1
162 19 1
162 27 1
162 28 1
162 43 1
163 28 1
163 43 1
164 5 2
164 6 1
164 28 1
164 43 1
165 2 1
165 8 3
165 9 1
165 17 1
165 24 1
165 39 1
165 43 1
166 6 1
166 24 1
166 35 3
166 43 1
167 21 1
167 35 2
167 43 1
168 18 2
168 43 1
169 25 1
169 40 1
169 43 1
170 9 1
170 34 1
170 43 1
171 43 1
172 1 1
172 8 1
172 16 1
172 27 1
172 41 1
172 43 1
173 36 1
173 43 1
174 43 1
175 10 1
175 31 1
175 40 4
175 43 1
176 8 1
176 18 1
176 25 1
176 43 1
177 6 1
177 27 1
177 43 1
178 8 1
178 43 1
179 31 1
179 43 1
180 17 1
180 43 1
181 10 1
181 29 1
181 36 1
181 37 1
181 43 1
182 43 1
183 12 1
183 34 1
183 39 1
183 42 1
183 43 1
184 18 1
184 43 1
185 8 1
185 9 2
185 30 1
185 43 1
186 5 2
186 9 1
186 43 1
187 8 1
187 9 1
187 43 1
188 3 1
188 29 1
188 31 1
188 37 1
188 43 1
189 31 1
189 43 1
190 14 1
190 43 1
191 9 1
191 31 2
191 43 1
192 6 1
192 43 1
193 21 1
193 35 1
193 43 1
194 23 1
194 43 1
195 25 1
195 41 1
195 43 1
196 9 1
196 43 1
197 9 1
197 19 1
197 21 1
197 25 1
197 27 1
197 43 1
198 18 1
198 43 1
199 9 1
199 24 1
199 35 1
199 41 2
199 43 1
200 17 2
200 24 1
200 27 1
200 43 1
201 17 2
201 24 1
201 27 1
201 43 1
202 28 1
202 43 1
203 28 1
203 43 1
204 24 1
204 28 1
204 43 1
205 34 1
205 37 1
205 43 1
206 11 1
206 43 1
