d w z t
167 43 0 0
167 18 0 0
104 43 0 0
104 29 1 2
104 8 0 1
104 3 0 1
104 15 0 1
104 8 0 1
190 9 0 0
190 31 0 1
190 43 0 1
190 31 0 1
133 3 0 0
133 43 0 0
133 9 0 0
133 2 0 0
133 24 0 0
133 12 0 0
133 42 0 0
133 10 0 0
158 4 1 0
158 20 1 0
158 43 0 1
158 20 1 0
158 39 0 1
158 9 0 1
158 7 1 0
158 22 1 0
158 34 1 0
158 26 1 0
193 23 2 0
193 43 4 1
13 9 0 0
13 43 0 0
13 2 0 0
13 33 2 1
13 7 0 0
13 2 0 0
159 22 1 0
159 22 1 0
159 34 1 0
159 43 1 0
159 1 1 1
137 9 0 0
137 11 0 1
137 43 0 1
12 37 1 0
12 7 1 1
12 15 1 1
12 22 1 1
12 7 1 1
12 43 4 2
12 2 4 2
57 19 4 0
57 23 4 0
57 23 4 0
57 23 4 0
57 21 4 0
57 2 4 0
57 43 4 1
17 15 1 0
17 43 1 0
42 19 2 1
42 6 2 1
42 43 2 1
42 8 0 0
42 28 2 1
42 27 0 2
42 6 2 1
161 28 2 0
161 19 2 0
161 43 0 1
161 19 2 0
161 19 2 0
161 27 2 0
2 43 0 0
118 12 0 2
118 23 4 0
118 34 1 1
118 42 0 2
118 43 0 2
118 9 0 2
11 36 1 0
11 32 1 0
11 22 1 0
11 32 1 0
11 43 1 0
108 43 2 0
152 43 4 0
152 30 4 0
75 43 0 0
75 31 0 1
142 2 4 0
142 3 4 0
142 23 4 0
142 30 4 0
142 43 4 0
142 30 4 0
142 23 4 0
82 43 0 0
82 9 0 0
82 5 0 1
121 19 2 1
121 9 0 0
121 43 2 1
121 8 0 2
97 17 0 1
97 43 4 0
97 27 0 1
97 17 0 1
97 24 4 0
178 43 0 0
178 31 0 1
187 29 1 2
187 37 1 0
187 43 2 1
187 31 0 3
187 3 0 3
0 1 1 0
0 40 1 1
0 20 1 0
0 43 1 1
171 16 2 0
171 27 0 3
171 43 0 2
171 1 0 1
171 8 0 1
171 41 0 1
16 4 2 1
16 4 0 0
16 3 0 0
16 42 0 0
16 9 0 0
16 41 0 0
16 27 0 0
16 43 0 0
16 12 0 0
3 16 2 0
3 43 2 1
24 43 0 0
24 9 0 1
48 43 0 0
185 43 0 0
185 5 0 0
185 9 0 0
44 43 0 0
96 17 3 0
96 43 3 0
96 24 3 0
96 17 3 0
96 27 2 1
28 8 0 0
28 8 0 0
28 43 0 0
28 25 0 0
28 11 0 0
119 4 0 0
119 27 0 0
119 12 0 0
119 41 0 0
119 3 0 0
119 4 0 0
119 43 0 1
119 42 0 1
119 9 0 0
91 43 0 0
91 25 0 0
91 41 0 0
80 18 0 0
80 43 0 1
99 28 2 0
99 43 2 0
189 43 0 0
189 14 4 1
144 6 2 1
144 6 2 0
144 43 2 1
144 16 2 0
144 14 2 0
144 16 2 1
144 33 2 0
105 43 0 0
88 6 1 0
88 43 4 1
197 43 0 0
197 18 0 1
100 43 2 0
100 24 2 0
100 28 2 0
71 40 3 0
71 40 3 0
71 10 3 0
71 31 3 0
71 40 3 0
71 40 3 0
71 43 3 0
125 42 0 1
125 12 0 0
125 1 0 0
125 43 0 0
55 22 1 0
55 39 1 0
55 43 0 1
55 34 1 0
55 26 1 0
55 9 1 0
55 20 1 0
55 20 1 0
55 4 1 0
55 7 1 0
127 9 0 0
127 43 0 0
132 18 0 0
132 9 0 0
132 8 0 1
132 43 0 0
132 11 0 0
21 9 0 1
21 3 0 0
21 19 0 1
21 43 0 2
115 37 1 0
115 15 1 0
115 7 1 0
115 2 0 1
115 22 1 0
115 43 0 2
115 7 1 0
181 43 4 0
56 43 1 1
56 22 1 1
56 1 1 1
56 22 1 0
56 34 1 0
175 43 0 1
175 8 0 1
175 18 0 0
175 8 0 1
175 8 0 1
175 25 0 1
175 8 0 1
73 6 2 0
73 27 2 0
73 43 2 0
165 6 2 0
165 43 2 0
165 24 0 1
165 6 2 0
165 6 2 0
165 35 2 0
165 35 2 0
165 35 2 0
139 26 4 0
139 1 4 1
139 30 4 0
139 43 4 0
139 39 4 0
139 29 4 2
134 10 4 0
134 3 4 0
134 21 4 0
134 38 1 1
134 43 1 1
134 2 4 0
134 30 4 0
177 43 0 0
177 8 0 1
168 43 2 0
168 25 0 1
168 40 2 0
164 9 0 1
164 43 0 0
164 8 0 1
164 2 0 1
164 8 0 0
164 17 0 0
164 8 2 2
164 24 2 2
164 39 0 0
58 19 5 0
58 43 0 1
58 19 5 0
58 28 5 0
58 27 5 0
58 19 5 0
98 28 2 0
98 43 0 1
98 28 2 0
64 18 0 0
64 43 0 0
102 11 0 0
102 43 0 0
205 43 0 0
205 11 0 0
38 43 1 0
5 43 0 0
53 39 1 0
53 38 1 0
53 20 1 0
53 43 1 0
53 36 1 0
53 4 2 1
53 13 1 0
111 5 0 1
111 29 4 0
111 26 4 0
111 43 1 2
111 9 0 1
63 43 2 0
63 21 2 0
63 35 2 0
63 35 2 1
63 21 2 0
63 21 2 0
114 43 1 0
114 22 1 0
114 36 1 0
114 32 1 0
114 32 1 0
113 12 0 0
113 9 0 0
113 9 0 0
113 43 0 0
6 43 1 0
6 38 1 0
6 32 1 0
6 13 1 0
145 19 2 0
145 6 2 0
145 8 2 0
145 28 2 0
145 43 0 1
145 27 2 0
145 6 2 0
176 43 0 1
176 27 2 0
176 6 2 0
143 6 2 0
143 6 2 0
143 16 2 0
143 14 2 0
143 33 2 0
143 43 2 0
143 16 2 0
40 33 2 0
40 14 2 0
40 43 2 0
40 6 2 0
40 16 2 0
40 6 2 0
40 16 2 0
174 40 3 0
174 43 3 0
174 40 3 0
174 31 3 0
174 40 3 0
174 40 3 0
174 10 3 0
173 43 2 0
77 29 1 1
77 43 0 0
77 10 0 2
77 37 1 1
77 36 1 1
182 42 0 0
182 39 0 1
182 34 1 2
182 43 0 1
182 12 0 0
83 43 0 0
83 8 0 1
83 9 0 2
41 14 2 0
41 33 2 0
41 16 2 0
41 43 2 0
41 16 2 0
41 6 2 0
41 6 2 0
138 19 2 0
138 4 2 0
138 43 2 0
138 13 2 0
138 21 2 0
138 5 2 0
138 21 2 0
1 8 0 1
1 43 0 2
1 3 0 2
1 15 1 0
1 8 0 2
1 29 1 3
204 37 1 1
204 43 0 0
204 34 0 0
68 8 0 0
68 27 0 1
68 41 0 0
68 1 0 0
68 43 0 0
68 16 0 0
92 43 4 0
92 9 0 1
86 43 2 0
86 14 2 0
123 3 0 0
123 2 0 0
123 2 0 0
123 42 0 1
123 2 0 1
123 43 0 0
123 9 0 0
123 12 0 0
151 43 2 0
131 8 0 0
131 11 0 0
131 43 0 0
131 8 0 0
131 25 0 0
93 19 2 0
93 25 0 1
93 21 0 1
93 27 0 1
93 43 0 1
93 9 0 2
35 21 2 0
35 5 2 0
35 19 2 0
35 21 2 0
35 4 2 0
35 43 2 0
35 13 2 0
22 43 0 0
22 1 1 1
22 12 0 2
22 42 0 2
62 6 2 0
62 35 2 0
62 35 2 0
62 24 2 0
62 6 2 0
62 6 2 0
62 43 2 0
62 35 2 0
85 31 0 0
85 43 0 1
89 43 2 0
89 35 2 0
89 21 2 0
36 26 4 0
36 1 4 0
36 29 1 1
36 39 4 0
36 30 4 0
36 43 4 0
148 22 1 0
148 43 0 1
148 13 1 0
148 7 1 0
148 9 0 1
120 15 1 0
120 43 0 1
110 10 1 1
110 18 1 0
110 34 1 0
110 39 1 0
110 29 1 0
110 32 1 0
110 43 1 0
110 22 1 0
110 39 1 0
188 31 0 0
188 43 0 0
25 26 4 1
25 13 1 0
25 3 4 1
25 43 1 0
25 34 1 0
25 32 1 0
25 29 1 0
54 33 4 0
54 4 1 1
54 37 1 1
54 43 1 1
26 33 4 0
26 21 4 0
26 43 4 0
26 33 4 0
26 2 4 0
26 26 4 0
26 3 4 0
26 26 4 0
26 24 4 0
149 1 1 0
149 43 0 1
149 22 1 0
194 25 0 0
194 41 0 0
194 43 0 0
162 28 2 0
162 43 0 1
126 3 0 0
126 43 0 1
126 18 0 0
126 3 0 2
126 2 0 0
126 3 0 0
126 11 0 0
196 27 0 0
196 25 0 0
196 43 0 0
196 21 0 0
196 9 0 0
196 19 0 0
116 2 0 0
116 9 0 1
116 2 4 2
116 33 4 2
116 7 4 2
116 43 4 2
45 43 4 1
45 9 1 0
45 22 1 0
45 13 1 0
45 7 1 0
163 5 2 0
163 28 2 0
163 43 2 0
163 6 2 0
23 3 0 0
23 43 0 1
23 2 0 1
23 3 0 1
23 3 0 1
23 18 0 0
23 11 0 1
203 28 2 0
203 43 2 0
203 24 2 1
136 43 4 0
136 36 1 1
79 12 0 0
79 42 0 0
79 39 0 0
79 34 0 0
79 43 0 0
199 17 0 1
199 27 0 0
199 17 0 0
199 24 0 0
199 43 0 0
76 17 0 0
76 43 1 1
72 8 0 0
72 25 0 0
72 8 0 1
72 8 0 1
72 43 0 1
72 8 0 1
72 18 0 1
8 5 0 0
8 43 0 0
8 26 1 1
8 29 1 1
8 9 0 2
117 34 1 0
117 15 1 0
117 43 1 0
117 15 1 0
117 13 1 0
153 43 0 0
74 43 0 0
74 8 0 0
4 20 1 0
4 38 1 1
4 39 1 0
4 37 1 0
4 38 1 1
4 36 1 1
4 43 1 0
4 37 1 1
4 34 1 1
4 38 1 0
61 17 0 0
61 8 0 0
61 24 0 0
61 8 0 0
61 43 0 0
61 8 0 0
61 39 0 0
61 9 0 0
61 2 0 0
109 43 1 0
109 32 1 0
109 13 1 0
109 38 1 0
129 26 4 0
129 2 4 0
129 43 4 0
129 33 4 0
129 21 4 0
129 24 4 0
129 26 4 0
129 3 4 0
129 33 4 0
112 32 1 0
112 34 1 1
112 34 1 0
112 43 1 0
112 32 1 0
112 15 1 0
112 13 1 0
47 43 0 0
47 8 0 0
47 18 1 1
47 34 1 1
47 2 0 0
47 11 0 0
87 9 0 0
87 31 0 0
87 43 0 0
87 31 0 1
198 41 0 0
198 43 2 1
198 41 0 0
198 9 0 0
198 35 2 1
198 24 0 0
29 43 0 0
29 8 0 0
29 9 0 1
29 11 0 1
29 18 0 1
128 32 1 1
128 29 4 0
128 43 1 1
128 13 1 1
128 26 4 0
128 34 1 1
128 3 4 0
170 43 4 0
147 43 0 0
140 25 0 0
140 43 0 1
140 10 4 2
202 43 2 0
202 28 2 0
33 43 1 0
33 36 1 0
9 34 1 0
9 13 1 0
9 32 1 0
9 15 1 0
9 43 1 0
9 34 1 0
9 32 1 0
146 43 4 0
146 8 0 1
146 14 4 0
146 14 4 0
146 26 4 0
146 9 0 1
90 23 4 0
90 43 4 0
157 33 2 1
157 4 2 0
157 37 1 2
157 43 1 2
30 12 0 0
30 43 0 0
30 2 0 0
30 24 0 0
30 42 0 0
30 3 0 0
30 9 0 0
30 10 0 0
172 36 1 0
172 43 0 1
169 43 1 0
169 34 1 0
169 9 0 1
107 37 1 0
107 37 1 0
107 38 1 0
107 43 1 0
107 38 1 0
107 38 1 0
107 34 1 0
107 39 1 0
107 36 1 0
107 20 1 0
154 41 0 0
154 43 0 1
94 43 0 0
94 18 0 0
84 29 1 0
84 31 0 1
84 43 0 1
84 37 1 0
84 3 0 1
103 1 2 0
103 20 1 1
103 43 0 2
103 40 2 0
135 15 1 1
135 3 0 0
135 43 1 1
135 7 1 1
135 36 1 1
20 3 0 0
20 43 0 0
20 2 0 0
20 42 0 1
20 9 0 1
20 2 0 1
20 12 0 1
20 2 0 1
14 15 1 0
14 43 1 0
14 15 1 0
14 34 1 0
14 13 1 0
160 23 4 0
160 43 4 0
160 23 4 0
160 2 4 0
160 23 4 0
160 19 4 0
160 21 4 0
141 43 2 0
201 28 2 0
201 28 2 0
201 43 2 0
78 43 0 0
124 19 2 1
124 43 0 0
124 3 0 0
124 9 0 0
46 22 1 0
46 1 1 0
46 43 1 0
31 21 0 1
31 30 4 0
31 43 0 1
31 38 1 2
31 2 0 1
31 10 1 2
31 3 4 0
156 38 1 0
156 43 1 0
156 36 1 1
156 39 1 0
156 20 1 0
156 13 1 2
156 4 1 1
69 43 0 0
69 36 1 1
122 22 1 0
122 43 1 0
122 22 1 0
122 34 1 0
122 34 1 0
122 36 1 0
122 14 4 1
122 34 1 0
122 20 1 0
122 22 1 0
180 10 0 0
180 36 1 1
180 29 1 2
180 37 1 2
180 43 0 3
65 43 2 0
65 40 2 0
65 25 2 1
7 34 1 0
7 18 1 0
7 39 1 0
7 32 1 0
7 10 1 0
7 39 1 0
7 22 1 0
7 43 1 0
7 29 1 0
106 16 0 0
106 43 0 0
34 9 0 0
34 11 0 1
34 43 0 1
101 37 1 1
101 34 0 0
101 43 1 1
52 43 0 1
52 25 0 0
52 9 0 2
166 35 2 0
166 21 2 0
166 43 2 0
166 21 2 0
166 21 2 0
166 35 2 0
67 43 0 0
191 43 2 0
191 6 2 0
70 43 0 0
59 43 2 0
59 28 2 0
186 9 0 0
186 8 0 0
186 43 0 1
95 35 0 0
95 24 0 0
95 41 0 0
95 41 0 0
95 43 0 0
95 9 0 0
15 43 0 0
15 9 0 0
15 42 0 0
15 23 0 0
15 12 0 0
15 34 0 0
183 18 0 0
183 43 0 0
10 43 0 1
10 12 0 0
10 9 0 1
10 9 0 1
37 25 0 0
37 10 0 1
37 43 0 0
19 14 1 0
19 22 1 0
19 22 1 0
19 34 1 0
19 36 1 0
19 34 1 0
19 20 1 0
19 43 1 0
19 34 1 0
19 22 1 0
18 19 0 0
18 8 0 0
18 9 0 0
18 43 0 0
49 30 4 0
49 43 0 1
60 28 2 0
60 43 2 0
60 5 2 0
60 6 2 0
43 14 4 0
43 26 4 0
43 43 4 0
43 14 4 0
43 8 0 1
43 9 0 1
195 43 2 0
195 9 0 1
179 17 0 0
179 43 0 0
81 8 0 0
81 9 0 0
81 9 0 1
81 30 0 0
81 43 0 0
39 2 4 0
39 3 4 0
39 30 4 0
39 43 4 0
39 30 4 0
39 23 4 0
39 23 4 0
192 43 0 0
192 35 2 1
192 21 2 1
130 2 4 0
130 30 4 0
130 43 1 1
130 30 4 0
130 34 1 1
200 17 0 1
200 27 0 0
200 24 0 0
200 43 0 0
200 17 0 1
150 34 0 1
150 18 0 0
150 8 0 0
150 2 0 0
150 11 0 0
150 43 0 2
27 34 0 1
27 43 4 0
27 30 4 0
27 2 4 0
27 30 4 0
51 41 0 0
51 43 0 0
66 9 0 1
66 43 1 0
66 34 1 0
184 9 0 1
184 9 0 0
184 43 0 1
184 8 0 0
184 30 0 0
50 43 0 0
32 7 0 1
32 36 1 0
32 15 1 0
32 43 1 0
32 3 0 1
155 43 0 0
155 9 0 0
155 25 0 1
